    20
                   
     0   1024    121      4   2916    784   2209    529   6084  38025  71289  83521  50176  76729  99856 121104     36      1   7056  32041
  1024      0    441    900    484     16    225     81   2116  26569  55225  66049  36864  60025  80656  99856    676    961   2704  21609
   121    441      0     81   1849    289   1296    144   4489  33856  65536  77284  45369  70756  93025 113569     25    100   5329  28224
     4    900     81      0   2704    676   2025    441   5776  37249  70225  82369  49284  75625  98596 119716     16      1   6724  31329
  2916    484   1849   2704      0    676     49    961    576  19881  45369  55225  28900  49729  68644  86436   2304   2809    900  15625
   784     16    289    676    676      0    361     25   2500  27889  57121  68121  38416  62001  82944 102400    484    729   3136  22801
  2209    225   1296   2025     49    361      0    576    961  21904  48400  58564  31329  52900  72361  90601   1681   2116   1369  17424
   529     81    144    441    961     25    576      0   3025  29584  59536  70756  40401  64516  85849 105625    289    484   3721  24336
  6084   2116   4489   5776    576   2500    961   3025      0  13689  35721  44521  21316  39601  56644  72900   5184   5929     36  10201
 38025  26569  33856  37249  19881  27889  21904  29584  13689      0   5184   8836    841   6724  14641  23409  35721  37636  12321    256
 71289  55225  65536  70225  45369  57121  48400  59536  35721   5184      0    484   1849    100   2401   6561  68121  70756  33489   7744
 83521  66049  77284  82369  55225  68121  58564  70756  44521   8836    484      0   4225    144    729   3481  80089  82944  42025  12100
 50176  36864  45369  49284  28900  38416  31329  40401  21316    841   1849   4225      0   2809   8464  15376  47524  49729  19600   2025
 76729  60025  70756  75625  49729  62001  52900  64516  39601   6724    100    144   2809      0   1521   5041  73441  76176  37249   9604
 99856  80656  93025  98596  68644  82944  72361  85849  56644  14641   2401    729   8464   1521      0   1024  96100  99225  53824  18769
121104  99856 113569 119716  86436 102400  90601 105625  72900  23409   6561   3481  15376   5041   1024      0 116964 120409  69696  28561
    36    676     25     16   2304    484   1681    289   5184  35721  68121  80089  47524  73441  96100 116964      0     25   6084  29929
     1    961    100      1   2809    729   2116    484   5929  37636  70756  82944  49729  76176  99225 120409 