     8
       
     0    576    961   1369   3249   5041    484    625
   576      0     49    169   1089   2209   2116      1
   961     49      0     36    676   1600   2809     36
  1369    169     36      0    400   1156   3481    144
  3249   1089    676    400      0    196   6241   1024
  5041   2209   1600   1156    196      0   8649   2116
   484   2116   2809   3481   6241   8649      0   2209
   625      1     36    144   1024   2116   2209      0
       
   120      0      0      0      2      2      0      4
     0     20      0     10      0     10      0      0
     0      0     20     40     20      0      0      0
     0     10     40     20      0     20      0      0
     2      0     20      0     20     40      0     10
     2     10      0     20     40     20      0     10
     0      0      0      0      0      0     20     10
     4      0      0      0     10     10     10    120
       
  5720  26328   9736   9756   6836     36  34760  41912
126680  19416  17800   9180   7796   2916  79688  30392
205360  40836  34908  15088  17624   4624 120568  56978
288400  67620  54876  22336  29480   6400 165592  90530
669200 213060 156796  61056  91880  14400 382232 274130
1030960 366276 260508 101488 156504  21904 594808 468338
 97240 141960  71160  38620  50484   1444 123112 192128
136720  21828  19836   9856   8936   3136  84760  33362
